0.680076
0.186352
1.56986
-1.05493
0.0274431
-8.49665
-5.51616
-1.43479
-1.40015
0.227563
1.9733
-2.17087
0.929408
1.39411
1.90674
-0.394342
-0.869402
5.05007
-0.242231
5.70167
-1.68606
-20.2053
-3.02758
1.12461
-0.889848
-0.0878246
-1.52989
0.634908
-0.324791
-0.810791
3.91102
-1.08482
-2.06295
-1.22081
8.30987
-0.158862
0.456298
1.03103
-5.16715
-1.16762
-0.209263
0.453316
-0.0506719
1.10673
0.394478
11.4473
-0.368203
1.18404
-0.609213
3.25406
3.69731
0.00180222
22.6677
0.323517
0.292383
5.76508
3.33011
-0.558335
3.13839
0.223739
-6.20752
4.73989
-7.32218
-7.40201
0.465685
-0.676581
-0.54351
0.84645
-1.13824
0.496794
-1.98826
-0.0889581
1.4407
1.98801
-0.544667
-0.196701
0.233559
0.217726
1.07172
0.140993
3.22954
-0.722097
0.505863
-0.01114
0.253728
0.939196
1.32978
0.607643
3.05894
-0.491592
6.69877
-1.17195
-9.37996
0.0945109
-0.515015
-1.18644
-0.465588
1.37317
2.18923
4.21907
