0.45721
-5.1664
0.634552
-2.06294
-1.05535
4.21918
0.679305
0.140751
0.141579
0.186117
0.929472
0.456088
-20.2049
-2.0627
3.22953
1.18403
-0.24166
0.253442
5.76534
-1.18669
-1.5294
5.7653
-8.49699
-6.20724
-1.5292
3.22974
1.10744
-9.38071
1.03126
-1.08569
-1.22056
-0.465949
-0.367881
1.90735
0.223961
1.57066
-1.43453
-0.197194
-1.52918
-5.5163
0.323121
0.23301
-0.544289
1.90601
-0.608637
3.69789
1.18427
-0.36749
-1.0542
-1.05543
0.234528
-6.20836
0.223592
-2.17135
3.69678
-1.43554
5.04923
-7.32307
-0.490762
-0.209397
5.70235
0.228247
0.938991
-0.811782
0.224648
-0.209781
0.393988
0.930298
-0.0870442
-20.2045
0.45687
0.322802
-1.05517
-20.2055
-3.02726
3.13752
1.97362
0.939801
0.227934
-1.43441
1.10729
-7.40128
0.608056
-3.02747
5.70079
-0.67729
11.4475
-0.55749
-0.367814
-1.08551
-0.869359
3.91023
3.9109
-3.02701
-1.18549
1.39485
-1.08491
-20.2048
-1.98845
-0.542525
